StartTime = '1 Jun 2025 00:00:00.000';    % 场景开始时间
StopTime = '1 Dec 2025 00:00:00.000';     % 场景结束时间
timeStep = 180;                           % 报告时间间隔
data_num = 800;
